443
3389
256
135
111
5900
139
8080
53
8888
80
3306
554
1723
25
23
445
993
22
21
110
1720
143
1025
199
995
113
587
3269
1086
8994
1038
7000
6059
211
6000
726
1049
3828
2161
8651
481
65000
9503
1947
3301
1124
5633
8654
1070
8045
1236
1310
1801
2701
1533
646
1718
7402
16080
1311
8087
8402
667
1055
12174
70
1076
515
2383
7938
2126
3945
2007
4005
4662
2251
6901
8083
1309
9595
15742
16993
9091
125
4998
765
55056
3659
1583
5269
1042
777
3690
3031
545
1935
2022
57294
8082
524
2041
593
3300
16016
5666
52869
3851
1151
1217
1434
55600
212
8180
1065
9943
10002
6547
79
4446
4449
15002
13
9944
163
5906
85
1054
465
42510
3260
20222
1998
1138
10009
2046
1104
3367
43
27000
20005
5440
5718
1700
1688
902
3325
6881
9415
6788
2920
8333
1783
13783
8099
6510
41511
1096
1984
1073
1035
5907
2006
280
30951
2105
23502
3737
1174
32782
10001
1862
720
5120
5414
2382
8031
1433
4001
1047
3809
14000
6779
631
8292
1322
9207
8873
4321
5050
1062
4111
9002
1163
50800
65389
20000
32781
5000
27352
56737
2068
1093
27356
9003
3
1524
691
749
1334
8009
1108
2003
254
3827
2160
9103
1130
3493
2604
1658
1100
5544
3333
1137
1040
1123
625
5033
563
50000
1503
12345
3351
1056
3168
2034
425
2875
1145
1914
3001
56738
49157
2288
666
2607
9575
10082
5221
1092
27715
7627
1061
7999
5100
1028
1078
264
49176
5862
10000
1641
8042
20828
8652
1154
3580
2144
1107
1066
2557
543
9666
49159
2222
5280
9418
31038
1875
50003
19350
4126
11967
58080
4550
3372
5877
808
55055
1183
24444
3006
2030
17
5357
1058
3261
6566
1494
222
7019
14238
3689
4129
2910
9071
32776
9998
16113
2111
6156
2525
9898
3998
4900
3052
52848
2047
1201
6543
83
7778
464
1083
27355
90
52822
7443
2998
1034
5963
1864
2718
2002
32774
33
1152
9090
1074
1301
18101
1036
1721
2522
5054
32769
13722
32779
65129
1069
1039
2800
3971
7435
8192
2717
3000
3371
301
7002
19842
6667
1187
1900
427
1021
1089
49161
3871
9594
5998
6646
2043
900
5911
9878
6100
1112
1085
1024
7200
2008
8007
4899
5101
3703
1126
1277
5902
2010
1974
57797
10012
5915
3914
1719
1079
6668
19101
2401
2005
7920
9011
17988
3826
1247
6346
8085
2710
5922
3766
119
1095
8002
5825
1105
84
6003
2301
616
1088
8193
5566
9111
5550
2033
30000
54328
1248
7676
2009
5987
3784
1216
8701
1119
4002
2119
2492
9500
2702
4003
106
5801
3801
2601
10004
6025
1057
9220
8011
5952
32772
1037
3003
3211
7911
8100
32771
1169
1761
1666
34573
8291
10628
5815
7103
1090
81
1812
8649
9050
2035
11111
5214
13782
8181
9080
5009
15000
44501
2399
3800
6002
61532
2100
2042
7070
4445
1064
49158
416
9999
7777
22939
683
1186
5080
20
1840
32783
3527
1687
1046
144
34572
8093
2602
2045
5822
1199
32773
9929
1051
15660
1805
311
10616
12000
1053
8088
10243
88
1594
444
2107
21571
1111
1244
3889
458
990
16000
6689
82
10024
19283
64680
2103
1068
888
3221
10621
5226
5810
255
1185
179
5730
5961
1063
1259
1600
5060
3476
1
10617
5405
8443
2381
1218
49165
49163
1031
5510
417
10003
3283
11110
5989
9968
49155
1521
61900
8290
34571
9010
1059
687
700
6004
1098
4045
5225
6666
1027
5102
6389
512
7025
8001
5960
1234
17877
406
3878
7800
9009
1045
6789
514
5950
3880
8086
32775
9502
27353
6792
2038
5910
1071
1352
7921
20031
2021
1132
1060
4567
1110
50300
999
32785
7100
14441
2000
4279
44176
3369
15003
3323
513
16012
1165
7512
5988
1417
898
497
8194
2013
1080
6699
1500
5811
49153
51103
711
1271
1094
6106
32780
6565
1113
2135
50001
5959
50500
146
32770
705
4
2608
1001
648
7625
89
5298
1075
1443
49999
3546
1122
10215
1022
31337
9000
1272
1580
2170
1044
32
9
2190
1099
1971
1328
3013
24800
306
2099
2020
1087
10180
5925
9618
6009
26
1072
6007
6502
1164
49167
800
1011
12265
19801
4242
20221
1041
1782
7004
1287
18988
4006
6112
2048
3128
7937
6006
10010
4444
5051
30
4224
1102
2323
801
16001
5200
1117
8600
4848
8800
2191
1052
6005
8400
992
44443
1149
9485
1455
548
3071
1300
9101
2869
5087
25735
7001
100
259
1192
2121
3517
1501
2106
5859
5850
2260
787
8090
5500
1972
2001
49156
8010
2638
4443
2065
9917
40911
55555
15004
544
32768
19
1131
32784
6669
2605
3905
1097
8084
49154
9535
340
1166
7106
3011
48080
714
8200
1023
2040
161
1010
3370
9593
8081
9877
1082
1077
5555
1556
8000
901
2366
62078
8899
1755
2393
19315
2049
6839
1043
636
44442
9100
1839
541
3030
1213
63331
33354
9081
1233
10629
109
10566
617
3986
5802
873
6
2196
1026
5061
6567
54045
407
60443
52673
1081
9876
8008
51493
1050
3869
16018
5003
1106
5002
8254
6692
49175
2500
3404
99
28201
5901
1121
38292
2200
987
7201
3268
49152
1114
5560
6969
3322
500
1141
25734
366
1002
3007
8300
880
14442
722
4004
60020
5679
6101
783
3918
1009
9290
3324
32777
981
8383
5631
4000
19780
9040
2809
3017
2909
26214
3995
16992
5999
1029
3814
5903
13456
7007
9099
8021
912
9900
24
3390
2725
3077
6129
6001
1007
843
40193
32778
5222
1000
37
64623
555
903
1198
9200
45100
8222
1030
1067
1147
5001
50002
3551
3005
8089
2179
2394
5678
911
42
50636
389
1084
1048
50006
9110
8022
5190
6580
5904
7496
668
2967
1296
5030
9001
2811
1091
4125
33899
5004
8500
1863
5431
7
9102
10778
1461
7741
1032
1717
4343
49
6123
49160
10025
35500
50389
1148
2004
5962
1999
2968
49400
5800
3920
30718
10626
1175
5432
18040
1033
